	x: 3903.486962   y: 1474.195656

	x: 3903.486962   y: 1474.195656

	x: 3903.486962   y: 1474.195656

