	x: 4224.807812   y: 1595.029330

	x: 4224.807812   y: 1595.029330

