	x: 13813.655857   y: 2640.197297
	x: 15279.772107   y: 2948.705897

