	x: 29266.561720   y: 4578.224902

	x: 29266.561720   y: 4578.224902

