	x: 4339.196707   y: 883.564738
	x: 13791.439063   y: 7284.268891

	x: 4339.196707   y: 883.564738
	x: 13791.439063   y: 7284.268891

